-0.434940     0.000000    -11.68955   0.238933    53096.0    54677.0
-0.212896     0.000000    -12.69668   0.122763    53096.0    54677.0
0.009422     0.000000    -12.31360   0.340109    53096.0    54677.0
0.231657     0.000000    -12.20876   0.317326    53096.0    54677.0
0.453885     0.000000    -12.33399   0.273285    53096.0    54677.0
0.676112     0.000000    -12.41392   0.338250    53096.0    54677.0
-3.5999636     0.000000    -10.19178   0.244732    48368.5    49993.5
-3.5999636     0.000000    -10.458623   0.195468    48368.5    49993.5
-3.5999636     0.000000    -10.766917   0.204367    48368.5    49993.5
-3.5999636     0.000000    -10.763131   0.080751    48368.5    49993.5
-3.5999636     0.000000    -10.171360   0.189557    48368.5    49993.5
-3.5999636     0.000000    -10.182726   0.138103    48368.5    49993.5
-3.5999636     0.000000    -10.141334   0.172538    48368.5    49993.5
-3.5999636     0.000000    -10.144381   0.099578    48368.5    49993.5
-3.5999636     0.000000    -10.184482   0.180195    48368.5    49993.5
-3.5999636     0.000000    -10.388069   0.238561    48368.5    49993.5
-3.5999636     0.000000    -10.200470   0.289231    48368.5    49993.5
-3.5999636     0.000000    -10.513884   0.173828    48368.5    49993.5
-3.5999636     0.000000    -10.417693   0.133475    48368.5    49993.5
-3.5999636     0.000000    -10.001173   0.167695    48368.5    49993.5
-3.5999636     0.000000    -10.012338   0.268235    48368.5    49993.5
-3.5999636     0.000000    -10.343817   0.211874    48368.5    49993.5
-7.122873     0.000000    -9.316872   0.001688    53340.5    55469.5
-7.54794     0.000000    -9.261676   0.001688    53340.5    55469.5
-7.22873     0.000000    -9.322173   0.001087    53340.5    56535.5
-7.54794     0.000000    -9.278016   0.001087    53340.5    56535.5
-7.99043     0.000000    -9.386463   0.003257    52671.5    54557.5
-7.48458     0.000000    -9.454083   0.002698    52671.5    54557.5
-2.21484     0.000000    -11.548381   0.065939    54682.65486    56139.94861
-1.21484     0.000000    -11.983696   0.124546    54682.65486    56139.94861
-3.221484     0.000000    -10.925395   0.021121    54682.65486    56139.94861
-2.98606     0.000000    -11.292876   0.034883    54682.65486    56139.94861
-3.98606     0.000000    -10.540679   0.025343    54682.65486    56139.94861
-2.599636     0.000000    -11.204899   0.124423    54682.7    54713.0
-2.599636     0.000000    -11.218687   0.129054    54713.0    54743.4
-2.5999636     0.000000    -11.040267   0.089256    54743.4    54773.8
-2.5999636     0.000000    -11.107989   0.104865    54773.8    54804.1
-2.5999636     0.000000    -11.175388   0.111093    54804.1    54834.5
-2.5999636     0.000000    -11.061689   0.099803    54834.5    54864.9
-2.5999636     0.000000    -11.133132   0.099493    54864.9    54895.2
-2.5999636     0.000000    -10.942893   0.083415    54895.2    54925.6
-2.5999636     0.000000    -10.921174   0.069799    54925.6    54956.0
-2.5999636     0.000000    -11.042596   0.093166    54956.0    54986.4
-2.5999636     0.000000    -11.94838   0.132967    54986.4    55016.7
-2.5999636     0.000000    -11.62890   0.107155    55016.7    55047.1
-2.5999636     0.000000    -11.38922   0.122980    55047.1    55077.5
-2.5999636     0.000000    -11.22074   0.079264    55077.5    55107.8
-2.5999636     0.000000    -10.41039   0.079798    55107.8    55138.2
-2.5999636     0.000000    -11.98166   0.123852    55138.2    55168.6
-2.5999636     0.000000    -11.85004   0.105411    55168.6    55198.9
-2.5999636     0.000000    -10.52274   0.078995    55198.9    55229.3
-2.5999636     0.000000    -11.06757   0.070045    55229.3    55259.7
-2.5999636     0.000000    -11.56836   0.102217    55259.7    55290.1
-2.5999636     0.000000    -11.85004   0.109888    55290.1    55320.4
-2.5999636     0.000000    -10.98240   0.086071    55320.4    55350.8
-2.5999636     0.000000    -11.01519   0.113983    55350.8    55381.2
-2.5999636     0.000000    -11.99921   0.098926    55381.2    55409.0
-2.221484     0.000000    -11.12651   0.125991    54682.65486    55409.05347
-1.221484     0.000000    -11.54381   0.175858    54682.65486    55409.05347
-3.221484     0.000000    -10.21005   0.030744    54682.65486    55409.05347
-2.98606     0.000000    -11.55420   0.059851    54682.65486    55409.05347
-3.698606     0.000000    -10.44665   0.032065    54682.65486    55409.05347
-2.221484     0.000000    -11.47234   0.143705    54682.65486    55016.61944
-3.221484     0.000000    -10.21239   0.035672    54682.65486    55016.61944
-2.98606     0.000000    -11.35918   0.071139    54682.65486    55016.61944
-3.98606     0.000000    -10.454655   0.040909    54682.65486    55016.61944
-7.23888     0.000000    -9.314294   0.000620    53366.425781    56501.425781
-7.41779     0.000000    -9.359261   0.001563    53430.0    55256.0
-7.62462     0.000000    -9.491927   0.001510    53340.5    54525.5
-7.23888     0.000000    -9.02549   0.001318    53340.5    54525.5
-7.73418     0.000000    -9.02977   0.001635    53340.5    54525.5
-7.11943     0.000000    -9.08750   0.001180    53340.5    54525.5
-1.36316     0.000000    -11.39571   0.188554    54682.0    57116.0
-8.55927     0.000000    -9.4949   0.006368    55075.0    55286.0
-8.21784     0.000000    -9.92853   0.002604    55075.0    55286.0
-8.199043     0.000000    -9.04293   0.006053    55075.0    55286.0
-8.133764     0.000000    -9.54798   0.001440    52311.658345    52311.763727
-8.133764     0.000000    -9.72569   0.001066    51942.376204    51942.59963
-8.522873     0.000000    -10.00470   0.001656    52311.658345    52311.763727
-8.522873     0.000000    -10.87185   0.001143    51942.376204    51942.59963
-8.853892     0.000000    -11.800228   0.004853    52311.658345    52311.763727
-8.853892     0.000000    -11.878752   0.003770    51942.376204    51942.59963
-9.237944     0.000000    -9.532585   0.027616    50947.372357    50947.372357
-8.995883     0.000000    -9.893217   0.028039    50947.372357    50947.372357
-10.248955     0.000000    -8.502167   0.017001    55222.74593291    55403.5713475
-9.985859     0.000000    -8.398489   0.010015    55222.74593291    55403.5713475
-9.569403     0.000000    -8.506605   0.007092    55222.74593291    55403.5713475
-9.438130     0.000000    -8.197973   0.007091    55222.74593291    55403.5713475
-10.248955     0.000000    -9.058967   0.016348    55222.74593291    55403.5713475
-9.985859     0.000000    -9.187689   0.008097    55222.74593291    55403.5713475
-9.569403     0.000000    -8.856605   0.017656    55222.74593291    55403.5713475
-9.438130     0.000000    -8.672773   0.021432    55222.74593291    55403.5713475
-10.161776     0.000000    -8.659596   0.034723    53856.5    54338.5
-9.860876     0.000000    -8.469188   0.099934    53856.5    54338.5
-11.110681     0.000000    -8.581951   0.061804    53856.5    54338.5
-11.052834     0.000000    -8.587126   0.010785    53856.5    54338.5
-10.860876     0.000000    -8.468026   0.054792    53856.5    54338.5
-10.719562     0.000000    -8.334801   0.029354    53856.5    54338.5
-12.228115     0.000000    -10.703455   0.004456 0.0   0.0
-12.383451     0.000000    -10.714672   0.004311 0.0   0.0
-12.535878     0.000000    -10.743893   0.002279 0.0   0.0
-12.739012     0.000000    -10.855278   0.002589 0.0   0.0
-12.930133     0.000000    -10.904269   0.001433 0.0   0.0
-12.450470     0.000000    -9.003401   0.010159 0.0   0.0
-11.647054     0.000000    -9.685961   0.000000 0.0   0.0
-11.835676     0.000000    -10.152142   0.000000 0.0   0.0
-12.046991     0.000000    -10.603619   0.000000 0.0   0.0
-11.450470     0.000000    -9.26864   0.013373    55055.5    55527.5
-11.647054     0.000000    -9.468030   0.012177    55055.5    55527.5
-11.835676     0.000000    -10.256098   0.007995    55055.5    55527.5
-12.046991     0.000000    -10.55514   0.003851    55055.5    55527.5
-12.228115     0.000000    -10.606276   0.004239    55055.5    55527.5
-12.383451     0.000000    -10.103720   0.004156    55055.5    55527.5
-12.535878     0.000000    -10.526150   0.002996    55055.5    55527.5
-12.739012     0.000000    -10.606706   0.003269    55055.5    55527.5
-12.930133     0.000000    -10.203095   0.001834    55055.5    55527.5
-11.450470     0.000000    -9.55118   0.011165    55055.5    55354.5
-11.647054     0.000000    -9.734838   0.010446    55055.5    55354.5
-11.835676     0.000000    -10.805017   0.011664    55055.5    55354.5
-12.046991     0.000000    -10.498441   0.014292    55055.5    55354.5
-12.228115     0.000000    -10.691258   0.007043    55055.5    55354.5
-12.383451     0.000000    -10.146549   0.004043    55055.5    55354.5
-13.538353     0.000000    -10.127028   0.006932    55055.5    55354.5
-12.739998     0.000000    -10.586322   0.004306    55055.5    55354.5
-12.906330     0.000000    -10.499302   0.003534    55055.5    55354.5
-13.702210     0.000000    -12.776058   0.019556    49253.5    49256.5
-13.448953     0.000000    -12.431399   0.006937    49253.5    49256.5
-10.906619     0.000000    -7.194778   0.034818    45366.5    45659.5
-10.684742     0.000000    -8.967066   0.039193    45366.5    45659.5
-10.304632     0.000000    -8.345318   0.034818    45366.5    45659.5
-9.985859     0.000000    -8.555475   0.017381    45366.5    45659.5
-10.906619     0.000000    -8.226527   0.021733    45366.5    45659.5
-10.684742     0.000000    -8.791280   0.026089    45366.5    45659.5
-10.304632     0.000000    -8.584078   0.026099    45366.5    45659.5
-9.985859     0.000000    -8.779817   0.026089    45366.5    45659.5
-8.998023     0.000000    -9.208433   0.054170 0.0   0.0
-9.126974     0.000000    -9.248929   0.072408 0.0   0.0
-9.240436     0.000000    -9.456588   0.033273 0.0   0.0
-8.998023     0.000000    -10.3219633   0.029394 0.0   0.0
-9.126974     0.000000    -9.214929   0.000000 0.0   0.0
-9.240436     0.000000    -9.928588   0.000000 0.0   0.0
-8.998023     0.000000    -10.960033   0.015061 0.0   0.0
-9.126974     0.000000    -10.828929   0.017555 0.0   0.0
-9.240436     0.000000    -10.371788   0.000000 0.0   0.0
-8.998023     0.000000    -10.086033   0.036753 0.0   0.0
-9.126974     0.000000    -10.460529   0.000000 0.0   0.0
-9.240436     0.000000    -10.517388   0.000000 0.0   0.0
-8.998023     0.000000    -10.558833   0.000000 0.0   0.0
-9.126974     0.000000    -10.185329   0.008891 0.0   0.0
-9.240436     0.000000    -9.531788   0.000000 0.0   0.0
-8.998023     0.000000    -9.766833   0.000000 0.0   0.0
-9.126974     0.000000    -10.468529   0.008891 0.0   0.0
-9.240436     0.000000    -9.364588   0.000000 0.0   0.0
-8.998023     0.000000    -10.175633   0.022587 0.0   0.0
-9.126974     0.000000    -9.755729   0.000000 0.0   0.0
-9.240436     0.000000    -9.155788   0.000000 0.0   0.0
-14.457623     0.000000    -11.240146   0.012701    50600.5    52974.5
-14.457623     0.000000    -12.968967   0.013523    50600.5    52974.5
-14.401180     0.000000    -11.753087   0.000000 0.0   0.0
