-0.434940     0.000000    -11.968955   0.238933    53096.0    54677.0
-0.212896     0.000000    -12.169668   0.122763    53096.0    54677.0
0.009422     0.000000    -12.631360   0.340109    53096.0    54677.0
0.231657     0.000000    -12.620876   0.317326    53096.0    54677.0
0.453885     0.000000    -12.533399   0.273285    53096.0    54677.0
0.676112     0.000000    -12.541392   0.338250    53096.0    54677.0
-3.999636     0.000000    -10.019178   0.244732    48368.5    49993.5
-3.999636     0.000000    -10.358623   0.195468    48368.5    49993.5
-3.999636     0.000000    -10.166917   0.204367    48368.5    49993.5
-3.999636     0.000000    -10.463131   0.080751    48368.5    49993.5
-3.999636     0.000000    -10.371360   0.189557    48368.5    49993.5
-3.999636     0.000000    -10.482726   0.138103    48368.5    49993.5
-3.999636     0.000000    -10.441334   0.172538    48368.5    49993.5
-3.999636     0.000000    -10.444381   0.099578    48368.5    49993.5
-3.999636     0.000000    -10.384482   0.180195    48368.5    49993.5
-3.999636     0.000000    -10.588069   0.238561    48368.5    49993.5
-3.999636     0.000000    -10.200470   0.289231    48368.5    49993.5
-3.999636     0.000000    -10.513884   0.173828    48368.5    49993.5
-3.999636     0.000000    -10.417693   0.133475    48368.5    49993.5
-3.999636     0.000000    -10.001173   0.167695    48368.5    49993.5
-3.999636     0.000000    -10.012338   0.268235    48368.5    49993.5
-3.999636     0.000000    -10.343817   0.211874    48368.5    49993.5
-3.999636 0.0 -10.044001   0.000000    48368.5    49993.5 ; UPPER LIMIT
-3.999636 0.0 -10.207503   0.000000    48368.5    49993.5 ; UPPER LIMIT
-3.999636 0.0 -10.141825   0.000000    48368.5    49993.5 ; UPPER LIMIT
-3.999636 0.0 -10.041575   0.000000    48368.5    49993.5 ; UPPER LIMIT
-3.999636 0.0 -10.115227   0.000000    48368.5    49993.5 ; UPPER LIMIT
-3.999636 0.0 -10.392550   0.000000    48368.5    49993.5 ; UPPER LIMIT
-3.999636 0.0 -10.373953   0.000000    48368.5    49993.5 ; UPPER LIMIT
-7.522873     0.000000    -9.316872   0.001688    53340.5    55469.5
-7.154794     0.000000    -9.261676   0.001688    53340.5    55469.5
-7.522873     0.000000    -9.322173   0.001087    53340.5    56535.5
-7.154794     0.000000    -9.278016   0.001087    53340.5    56535.5
-7.199043     0.000000    -9.386463   0.003257    52671.5    54557.5
-7.548458     0.000000    -9.454083   0.002698    52671.5    54557.5
-2.221484     0.000000    -11.548381   0.065939    54682.65486    56139.94861
-1.221484     0.000000    -11.983696   0.124546    54682.65486    56139.94861
-3.221484     0.000000    -10.925395   0.021121    54682.65486    56139.94861
-2.698606     0.000000    -11.292876   0.034883    54682.65486    56139.94861
-3.698606     0.000000    -10.540679   0.025343    54682.65486    56139.94861
-2.999636     0.000000    -11.204899   0.124423    54682.7    54713.0
-2.999636     0.000000    -11.218687   0.129054    54713.0    54743.4
-2.999636     0.000000    -11.040267   0.089256    54743.4    54773.8
-2.999636     0.000000    -11.107989   0.104865    54773.8    54804.1
-2.999636     0.000000    -11.175388   0.111093    54804.1    54834.5
-2.999636     0.000000    -11.061689   0.099803    54834.5    54864.9
-2.999636     0.000000    -11.133132   0.099493    54864.9    54895.2
-2.999636     0.000000    -10.942893   0.083415    54895.2    54925.6
-2.999636     0.000000    -10.921174   0.069799    54925.6    54956.0
-2.999636     0.000000    -11.042596   0.093166    54956.0    54986.4
-2.999636     0.000000    -11.194838   0.132967    54986.4    55016.7
-2.999636     0.000000    -11.162890   0.107155    55016.7    55047.1
-2.999636     0.000000    -11.138922   0.122980    55047.1    55077.5
-2.999636     0.000000    -11.022074   0.079264    55077.5    55107.8
-2.999636     0.000000    -10.941039   0.079798    55107.8    55138.2
-2.999636     0.000000    -11.198166   0.123852    55138.2    55168.6
-2.999636     0.000000    -11.185004   0.105411    55168.6    55198.9
-2.999636     0.000000    -10.952274   0.078995    55198.9    55229.3
-2.999636     0.000000    -11.006757   0.070045    55229.3    55259.7
-2.999636     0.000000    -11.056836   0.102217    55259.7    55290.1
-2.999636     0.000000    -11.185004   0.109888    55290.1    55320.4
-2.999636     0.000000    -10.998240   0.086071    55320.4    55350.8
-2.999636     0.000000    -11.201519   0.113983    55350.8    55381.2
-2.999636     0.000000    -11.099921   0.098926    55381.2    55409.0
-2.221484     0.000000    -11.712651   0.125991    54682.65486    55409.05347
-1.221484     0.000000    -11.954381   0.175858    54682.65486    55409.05347
-3.221484     0.000000    -10.921005   0.030744    54682.65486    55409.05347
-2.698606     0.000000    -11.155420   0.059851    54682.65486    55409.05347
-3.698606     0.000000    -10.544665   0.032065    54682.65486    55409.05347
-2.221484     0.000000    -11.547234   0.143705    54682.65486    55016.61944
-1.221484 0.0 -11.537367   0.000000    54682.65486    55016.61944 ; UPPER LIMIT
-3.221484     0.000000    -10.821239   0.035672    54682.65486    55016.61944
-2.698606     0.000000    -11.035918   0.071139    54682.65486    55016.61944
-3.698606     0.000000    -10.454655   0.040909    54682.65486    55016.61944
-7.323888     0.000000    -9.314294   0.000620    53366.425781    56501.425781
-7.541779     0.000000    -9.359261   0.001563    53430.0    55256.0
-7.562462     0.000000    -9.491927   0.001510    53340.5    54525.5
-7.323888     0.000000    -9.302549   0.001318    53340.5    54525.5
-7.673418     0.000000    -9.402977   0.001635    53340.5    54525.5
-7.411943     0.000000    -9.508750   0.001180    53340.5    54525.5
-1.036316     0.000000    -11.739571   0.188554    54682.0    57116.0
-0.500358 0.0 -11.383557   0.000000    54682.0    57116.0 ; UPPER LIMIT
0.033855 0.0 -10.785413   0.000000    54682.0    57116.0 ; UPPER LIMIT
-8.455927     0.000000    -9.924949   0.006368    55075.0    55286.0
-8.221784     0.000000    -9.492853   0.002604    55075.0    55286.0
-8.199043     0.000000    -9.504293   0.006053    55075.0    55286.0
-8.133764     0.000000    -9.954798   0.001440    52311.658345    52311.763727
-8.133764     0.000000    -9.972569   0.001066    51942.376204    51942.59963
-8.522873     0.000000    -10.600470   0.001656    52311.658345    52311.763727
-8.522873     0.000000    -10.587185   0.001143    51942.376204    51942.59963
-8.853892     0.000000    -11.800228   0.004853    52311.658345    52311.763727
-8.853892     0.000000    -11.878752   0.003770    51942.376204    51942.59963
-9.154794     0.000000    -12.296484   0.010517    52311.658345    52311.763727
-9.154794     0.000000    -12.430097   0.008870    51942.376204    51942.59963
-9.522873     0.000000    -12.515118   0.021400    52311.658345    52311.763727
-9.522873     0.000000    -12.698994   0.020546    51942.376204    51942.59963
-8.999636     0.000000    -12.231057   0.016538    48647.234977    48656.83772
-8.349625     0.000000    -9.201598   0.033144    52261.253032    52264.440255
-8.349625     0.000000    -9.113976   0.031337    52262.86985    52263.914448
-8.349625     0.000000    -9.834673   0.048215    51213.78831    51216.060093
-8.349625     0.000000    -9.312508   0.038171    51217.867442    51218.886042
-8.349625     0.000000    -9.837053   0.030374    51932.43787    51935.677743
-8.349625     0.000000    -9.297132   0.012609    50288.02412    50292.164595
-8.349625     0.000000    -9.088931   0.015600    52095.815729    52098.226817
-8.349625     0.000000    -9.378642   0.024950    51087.827164    51088.845348
-8.349625     0.000000    -9.499047   0.037157    51019.6386    51020.703241
-8.349625     0.000000    -9.262052   0.016965    51724.52515    51726.288252
-8.349625     0.000000    -9.212345   0.049965    51371.947303    51373.068792
-8.349625     0.000000    -9.119563   0.020144    51531.597303    51532.470696
-8.349625     0.000000    -9.182666   0.027258    51376.080787    51376.949586
-8.349625     0.000000    -9.132667   0.030830    51531.197361    51531.517814
-8.349625     0.000000    -9.138479   0.025294    51927.60456    51929.182072
-8.349625     0.000000    -9.110712   0.020360    51532.530625    51533.384418
-8.349625     0.000000    -9.194726   0.015549    51561.592801    51563.730243
-8.349625     0.000000    -9.796827   0.022238    50835.061644    50835.651253
-8.349625     0.000000    -9.255904   0.027830    51078.27272    51079.1436
-8.349625     0.000000    -9.985072   0.027809    51205.805718    51208.060289
-8.349625     0.000000    -9.171795   0.026555    51358.05037    51360.113831
-8.349625     0.000000    -9.331449   0.039374    50800.598843    50801.645797
-8.349625     0.000000    -9.108435   0.020643    51333.530162    51334.383922
-8.349625     0.000000    -9.197777   0.039057    51584.664988    51585.986597
-8.349625     0.000000    -9.150689   0.028671    52298.757269    52299.352068
-8.349625     0.000000    -9.263524   0.033907    50809.950833    50810.754212
-8.349625     0.000000    -9.296737   0.040870    51387.713762    51388.566862
-8.349625     0.000000    -9.169546   0.035897    51924.975278    51927.393542
-8.349625     0.000000    -9.142334   0.040561    52272.541146    52275.953785
-8.349625     0.000000    -9.395897   0.054503    51178.364965    51180.629757
-8.349625     0.000000    -9.168553   0.014368    51962.692685    51965.010521
-8.349625     0.000000    -9.336155   0.030943    51385.912049    51387.63669
-8.603782     0.000000    -10.160728   0.100901    51213.78831    51216.060093
-8.399014     0.000000    -9.881176   0.056890    51213.78831    51216.060093
-8.222682     0.000000    -9.836298   0.043237    51213.78831    51216.060093
-8.034951     0.000000    -9.628501   0.034822    51213.78831    51216.060093
-8.623406     0.000000    -10.223887   0.102659    51932.43787    51935.677743
-8.417920     0.000000    -9.955980   0.047268    51932.43787    51935.677743
-8.243257     0.000000    -9.667927   0.026924    51932.43787    51935.677743
-8.056501     0.000000    -9.519535   0.028389    51932.43787    51935.677743
-8.603782     0.000000    -10.279111   0.081400    50835.061644    50835.651253
-8.399014     0.000000    -9.841547   0.035722    50835.061644    50835.651253
-8.222682     0.000000    -9.605812   0.022667    50835.061644    50835.651253
-8.034951     0.000000    -9.517035   0.029224    50835.061644    50835.651253
-8.603782     0.000000    -10.439582   0.076962    51205.805718    51208.060289
-8.399014     0.000000    -10.060887   0.038483    51205.805718    51208.060289
-8.222682     0.000000    -9.780155   0.027440    51205.805718    51208.060289
-8.034951     0.000000    -9.729062   0.041849    51205.805718    51208.060289
-8.460414     0.000000    -9.888096   0.000000 0.0   0.0
-8.522873     0.000000    -9.950073   0.001342    50819.13537    50820.369537
-8.522873     0.000000    -9.924365   0.001830    51551.286169    51552.188634
-8.522873     0.000000    -10.071494   0.001775    51392.313877    51393.236088
-8.522873     0.000000    -9.986889   0.001537    51369.900035    51370.747465
-8.999636     0.000000    -11.709242   0.064745    48104.0    48499.0
-8.999636     0.000000    -11.366073   0.032628    47892.5    48257.5
-8.999636     0.000000    -10.823236   0.038802    43813.5    44695.5
-8.999636     0.000000    -10.905363   0.005736    43813.5    44695.5
-8.999636     0.000000    -11.636737   0.011307    43813.5    44695.5
-8.460414     0.000000    -9.789001   0.056972 0.0   0.0
-8.460414     0.000000    -9.495591   0.006726 0.0   0.0
-8.460414     0.000000    -9.213211   0.028123 0.0   0.0
-8.349625     0.000000    -10.051711   0.005894    53409.164491    54536.502454
-8.849552     0.000000    -11.499396   0.030296    53409.164491    54536.502454
-8.761444     0.000000    -10.568332   0.005548    53409.164491    54536.502454
-9.261235     0.000000    -11.993911   0.063460    53409.164491    54536.502454
-11.543031 0.0 -11.989951   0.000000    55224.776215    55224.77829 ; UPPER LIMIT
-11.255052 0.0 -12.622897   0.000000    54851.031933    54851.04625 ; UPPER LIMIT
-11.450825 0.0 -12.459681   0.000000    54851.020197    54851.025042 ; UPPER LIMIT
-11.639158 0.0 -11.912168   0.000000    54851.030243    54851.035088 ; UPPER LIMIT
-11.255052 0.0 -12.778888   0.000000    55230.058819    55230.086651 ; UPPER LIMIT
-11.255052 0.0 -12.302902   0.000000    55224.779306    55224.782972 ; UPPER LIMIT
-11.450825 0.0 -12.211677   0.000000    55224.775683    55224.777757 ; UPPER LIMIT
-11.639158 0.0 -11.696162   0.000000    55224.778762    55224.780836 ; UPPER LIMIT
-11.214070 0.0 -12.539840   0.000000    55224.776771    55224.785099 ; UPPER LIMIT
-11.255052 0.0 -12.598909   0.000000    54846.61713    54846.63075 ; UPPER LIMIT
-11.543031 0.0 -12.217946   0.000000    54851.021898    54851.026743 ; UPPER LIMIT
-11.214070 0.0 -12.759825   0.000000    54851.0236    54851.043003 ; UPPER LIMIT
-11.214070 0.0 -12.731859   0.000000    54846.61316    54846.631462 ; UPPER LIMIT
-11.327309 0.0 -12.582596   0.000000    54846.609896    54846.619038 ; UPPER LIMIT
-11.639158 0.0 -11.888154   0.000000    54846.616308    54846.620872 ; UPPER LIMIT
-11.327309 0.0 -12.598598   0.000000    54851.016852    54851.026549 ; UPPER LIMIT
-11.450825 0.0 -12.443678   0.000000    54846.611493    54846.616057 ; UPPER LIMIT
-11.327309 0.0 -12.386601   0.000000    55224.774664    55224.778823 ; UPPER LIMIT
-11.543031 0.0 -12.201945   0.000000    54846.612315    54846.616879 ; UPPER LIMIT
-12.237944     0.000000    -9.532585   0.027616    50947.372357    50947.372357
-11.995883     0.000000    -9.893217   0.028039    50947.372357    50947.372357
-13.248955     0.000000    -8.502167   0.017001    55222.74593291    55403.5713475
-12.985859     0.000000    -8.398489   0.010015    55222.74593291    55403.5713475
-12.569403     0.000000    -8.506605   0.007092    55222.74593291    55403.5713475
-12.438130     0.000000    -8.197973   0.007091    55222.74593291    55403.5713475
-13.248955     0.000000    -9.058967   0.016348    55222.74593291    55403.5713475
-12.985859     0.000000    -9.187689   0.008097    55222.74593291    55403.5713475
-12.569403     0.000000    -8.856605   0.017656    55222.74593291    55403.5713475
-12.438130     0.000000    -8.672773   0.021432    55222.74593291    55403.5713475
-13.161776     0.000000    -8.659596   0.034723    53856.5    54338.5
-12.860876     0.000000    -8.469188   0.099934    53856.5    54338.5
-14.110681     0.000000    -8.581951   0.061804    53856.5    54338.5
-14.052834     0.000000    -8.587126   0.010785    53856.5    54338.5
-13.860876     0.000000    -8.468026   0.054792    53856.5    54338.5
-13.719562     0.000000    -8.334801   0.029354    53856.5    54338.5
-15.228115     0.000000    -10.703455   0.004456 0.0   0.0
-15.383451     0.000000    -10.714672   0.004311 0.0   0.0
-15.535878     0.000000    -10.743893   0.002279 0.0   0.0
-15.739012     0.000000    -10.855278   0.002589 0.0   0.0
-15.930133     0.000000    -10.904269   0.001433 0.0   0.0
-14.450470     0.000000    -9.003401   0.010159 0.0   0.0
-14.647054     0.000000    -9.685961   0.000000 0.0   0.0
-14.835676     0.000000    -10.152142   0.000000 0.0   0.0
-15.046991     0.000000    -10.603619   0.000000 0.0   0.0
-14.450470     0.000000    -9.026864   0.013373    55055.5    55527.5
-14.647054     0.000000    -9.668030   0.012177    55055.5    55527.5
-14.835676     0.000000    -10.156098   0.007995    55055.5    55527.5
-15.046991     0.000000    -10.572514   0.003851    55055.5    55527.5
-15.228115     0.000000    -10.706276   0.004239    55055.5    55527.5
-15.383451     0.000000    -10.703720   0.004156    55055.5    55527.5
-15.535878     0.000000    -10.726150   0.002996    55055.5    55527.5
-15.739012     0.000000    -10.806706   0.003269    55055.5    55527.5
-15.930133     0.000000    -10.903095   0.001834    55055.5    55527.5
-14.450470     0.000000    -9.005118   0.011165    55055.5    55354.5
-14.647054     0.000000    -9.634838   0.010446    55055.5    55354.5
-14.835676     0.000000    -10.205017   0.011664    55055.5    55354.5
-15.046991     0.000000    -10.498441   0.014292    55055.5    55354.5
-15.228115     0.000000    -10.591258   0.007043    55055.5    55354.5
-15.383451     0.000000    -10.646549   0.004043    55055.5    55354.5
-15.538353     0.000000    -10.727028   0.006932    55055.5    55354.5
-15.739998     0.000000    -10.786322   0.004306    55055.5    55354.5
-15.906330     0.000000    -10.799302   0.003534    55055.5    55354.5
-16.702210     0.000000    -12.776058   0.019556    49253.5    49256.5
-16.448953     0.000000    -12.231399   0.006937    49253.5    49256.5
-13.906619     0.000000    -7.994778   0.034818    45366.5    45659.5
-13.684742     0.000000    -8.067066   0.039193    45366.5    45659.5
-13.304632     0.000000    -8.745318   0.034818    45366.5    45659.5
-12.985859     0.000000    -8.555475   0.017381    45366.5    45659.5
-13.906619     0.000000    -8.026527   0.021733    45366.5    45659.5
-13.684742     0.000000    -8.091280   0.026089    45366.5    45659.5
-13.304632     0.000000    -8.684078   0.026099    45366.5    45659.5
-12.985859     0.000000    -8.479817   0.026089    45366.5    45659.5
-11.998023     0.000000    -9.908433   0.054170 0.0   0.0
-12.126974     0.000000    -9.848929   0.072408 0.0   0.0
-12.240436     0.000000    -9.556588   0.033273 0.0   0.0
-11.998023     0.000000    -10.219633   0.029394 0.0   0.0
-12.126974     0.000000    -9.414929   0.000000 0.0   0.0
-12.240436     0.000000    -9.428588   0.000000 0.0   0.0
-11.998023     0.000000    -9.960033   0.015061 0.0   0.0
-12.126974     0.000000    -9.828929   0.017555 0.0   0.0
-12.240436     0.000000    -9.371788   0.000000 0.0   0.0
-11.998023     0.000000    -10.086033   0.036753 0.0   0.0
-12.126974     0.000000    -9.460529   0.000000 0.0   0.0
-12.240436     0.000000    -9.517388   0.000000 0.0   0.0
-11.998023     0.000000    -9.558833   0.000000 0.0   0.0
-12.126974     0.000000    -10.185329   0.008891 0.0   0.0
-12.240436     0.000000    -9.531788   0.000000 0.0   0.0
-11.998023     0.000000    -9.766833   0.000000 0.0   0.0
-12.126974     0.000000    -10.468529   0.008891 0.0   0.0
-12.240436     0.000000    -9.664588   0.000000 0.0   0.0
-11.998023     0.000000    -10.175633   0.022587 0.0   0.0
-12.126974     0.000000    -9.455729   0.000000 0.0   0.0
-12.240436     0.000000    -9.555788   0.000000 0.0   0.0
-17.457623     0.000000    -11.540146   0.012701    50600.5    52974.5
-17.457623     0.000000    -12.368967   0.013523    50600.5    52974.5
-17.401180     0.000000    -11.353087   0.000000 0.0   0.0
