-12.237944     0.000000    -9.532585   0.027616    50947.372357    50947.372357
-11.995883     0.000000    -9.893217   0.028039    50947.372357    50947.372357
-13.248955     0.000000    -8.502167   0.017001    55222.74593291    55403.5713475
-12.985859     0.000000    -8.398489   0.010015    55222.74593291    55403.5713475
-12.569403     0.000000    -8.506605   0.007092    55222.74593291    55403.5713475
-12.438130     0.000000    -8.197973   0.007091    55222.74593291    55403.5713475
-13.248955     0.000000    -9.058967   0.016348    55222.74593291    55403.5713475
-12.985859     0.000000    -9.187689   0.008097    55222.74593291    55403.5713475
-12.569403     0.000000    -8.856605   0.017656    55222.74593291    55403.5713475
-12.438130     0.000000    -8.672773   0.021432    55222.74593291    55403.5713475
-13.161776     0.000000    -8.659596   0.034723    53856.5    54338.5
-12.860876     0.000000    -8.469188   0.099934    53856.5    54338.5
-14.110681     0.000000    -8.581951   0.061804    53856.5    54338.5
-14.052834     0.000000    -8.587126   0.010785    53856.5    54338.5
-13.860876     0.000000    -8.468026   0.054792    53856.5    54338.5
-13.719562     0.000000    -8.334801   0.029354    53856.5    54338.5
-15.228115     0.000000    -10.703455   0.004456 0.0   0.0
-15.383451     0.000000    -10.714672   0.004311 0.0   0.0
-15.535878     0.000000    -10.743893   0.002279 0.0   0.0
-15.739012     0.000000    -10.855278   0.002589 0.0   0.0
-15.930133     0.000000    -10.904269   0.001433 0.0   0.0
-14.450470     0.000000    -9.003401   0.010159 0.0   0.0
-14.647054     0.000000    -9.685961   0.000000 0.0   0.0
-14.835676     0.000000    -10.152142   0.000000 0.0   0.0
-15.046991     0.000000    -10.603619   0.000000 0.0   0.0
-14.450470     0.000000    -9.026864   0.013373    55055.5    55527.5
-14.647054     0.000000    -9.668030   0.012177    55055.5    55527.5
-14.835676     0.000000    -10.156098   0.007995    55055.5    55527.5
-15.046991     0.000000    -10.572514   0.003851    55055.5    55527.5
-15.228115     0.000000    -10.706276   0.004239    55055.5    55527.5
-15.383451     0.000000    -10.703720   0.004156    55055.5    55527.5
-15.535878     0.000000    -10.726150   0.002996    55055.5    55527.5
-15.739012     0.000000    -10.806706   0.003269    55055.5    55527.5
-15.930133     0.000000    -10.903095   0.001834    55055.5    55527.5
-14.450470     0.000000    -9.005118   0.011165    55055.5    55354.5
-14.647054     0.000000    -9.634838   0.010446    55055.5    55354.5
-14.835676     0.000000    -10.205017   0.011664    55055.5    55354.5
-15.046991     0.000000    -10.498441   0.014292    55055.5    55354.5
-15.228115     0.000000    -10.591258   0.007043    55055.5    55354.5
-15.383451     0.000000    -10.646549   0.004043    55055.5    55354.5
-15.538353     0.000000    -10.727028   0.006932    55055.5    55354.5
-15.739998     0.000000    -10.786322   0.004306    55055.5    55354.5
-15.906330     0.000000    -10.799302   0.003534    55055.5    55354.5
-16.702210     0.000000    -12.776058   0.019556    49253.5    49256.5
-16.448953     0.000000    -12.231399   0.006937    49253.5    49256.5
-13.906619     0.000000    -7.994778   0.034818    45366.5    45659.5
-13.684742     0.000000    -8.067066   0.039193    45366.5    45659.5
-13.304632     0.000000    -8.745318   0.034818    45366.5    45659.5
-12.985859     0.000000    -8.555475   0.017381    45366.5    45659.5
-13.906619     0.000000    -8.026527   0.021733    45366.5    45659.5
-13.684742     0.000000    -8.091280   0.026089    45366.5    45659.5
-13.304632     0.000000    -8.684078   0.026099    45366.5    45659.5
-12.985859     0.000000    -8.479817   0.026089    45366.5    45659.5
-11.998023     0.000000    -9.908433   0.054170 0.0   0.0
-12.126974     0.000000    -9.848929   0.072408 0.0   0.0
-12.240436     0.000000    -9.556588   0.033273 0.0   0.0
-11.998023     0.000000    -10.219633   0.029394 0.0   0.0
-12.126974     0.000000    -9.414929   0.000000 0.0   0.0
-12.240436     0.000000    -9.428588   0.000000 0.0   0.0
-11.998023     0.000000    -9.960033   0.015061 0.0   0.0
-12.126974     0.000000    -9.828929   0.017555 0.0   0.0
-12.240436     0.000000    -9.371788   0.000000 0.0   0.0
-11.998023     0.000000    -10.086033   0.036753 0.0   0.0
-12.126974     0.000000    -9.460529   0.000000 0.0   0.0
-12.240436     0.000000    -9.517388   0.000000 0.0   0.0
-11.998023     0.000000    -9.558833   0.000000 0.0   0.0
-12.126974     0.000000    -10.185329   0.008891 0.0   0.0
-12.240436     0.000000    -9.531788   0.000000 0.0   0.0
-11.998023     0.000000    -9.766833   0.000000 0.0   0.0
-12.126974     0.000000    -10.468529   0.008891 0.0   0.0
-12.240436     0.000000    -9.664588   0.000000 0.0   0.0
-11.998023     0.000000    -10.175633   0.022587 0.0   0.0
-12.126974     0.000000    -9.455729   0.000000 0.0   0.0
-12.240436     0.000000    -9.555788   0.000000 0.0   0.0
-17.457623     0.000000    -11.540146   0.012701    50600.5    52974.5
-17.457623     0.000000    -12.368967   0.013523    50600.5    52974.5
-17.401180     0.000000    -11.353087   0.000000 0.0   0.0
