-9.237944     0.000000    -9.532585   0.027616    50947.372357    50947.372357
-8.995883     0.000000    -9.893217   0.028039    50947.372357    50947.372357
-10.248955     0.000000    -8.502167   0.017001    55222.74593291    55403.5713475
-9.985859     0.000000    -8.398489   0.010015    55222.74593291    55403.5713475
-9.569403     0.000000    -8.506605   0.007092    55222.74593291    55403.5713475
-9.438130     0.000000    -8.197973   0.007091    55222.74593291    55403.5713475
-10.248955     0.000000    -9.058967   0.016348    55222.74593291    55403.5713475
-9.985859     0.000000    -9.187689   0.008097    55222.74593291    55403.5713475
-9.569403     0.000000    -8.856605   0.017656    55222.74593291    55403.5713475
-9.438130     0.000000    -8.672773   0.021432    55222.74593291    55403.5713475
-10.161776     0.000000    -8.659596   0.034723    53856.5    54338.5
-9.860876     0.000000    -8.469188   0.099934    53856.5    54338.5
-11.110681     0.000000    -8.581951   0.061804    53856.5    54338.5
-11.052834     0.000000    -8.587126   0.010785    53856.5    54338.5
-10.860876     0.000000    -8.468026   0.054792    53856.5    54338.5
-10.719562     0.000000    -8.334801   0.029354    53856.5    54338.5
-12.228115     0.000000    -10.703455   0.004456 0.0   0.0
-12.383451     0.000000    -10.714672   0.004311 0.0   0.0
-12.535878     0.000000    -10.743893   0.002279 0.0   0.0
-12.739012     0.000000    -10.855278   0.002589 0.0   0.0
-12.930133     0.000000    -10.904269   0.001433 0.0   0.0
-12.450470     0.000000    -9.003401   0.010159 0.0   0.0
-11.647054     0.000000    -9.685961   0.000000 0.0   0.0
-11.835676     0.000000    -10.152142   0.000000 0.0   0.0
-12.046991     0.000000    -10.603619   0.000000 0.0   0.0
-11.450470     0.000000    -9.26864   0.013373    55055.5    55527.5
-11.647054     0.000000    -9.468030   0.012177    55055.5    55527.5
-11.835676     0.000000    -10.256098   0.007995    55055.5    55527.5
-12.046991     0.000000    -10.55514   0.003851    55055.5    55527.5
-12.228115     0.000000    -10.606276   0.004239    55055.5    55527.5
-12.383451     0.000000    -10.103720   0.004156    55055.5    55527.5
-12.535878     0.000000    -10.526150   0.002996    55055.5    55527.5
-12.739012     0.000000    -10.606706   0.003269    55055.5    55527.5
-12.930133     0.000000    -10.203095   0.001834    55055.5    55527.5
-11.450470     0.000000    -9.55118   0.011165    55055.5    55354.5
-11.647054     0.000000    -9.734838   0.010446    55055.5    55354.5
-11.835676     0.000000    -10.805017   0.011664    55055.5    55354.5
-12.046991     0.000000    -10.498441   0.014292    55055.5    55354.5
-12.228115     0.000000    -10.691258   0.007043    55055.5    55354.5
-12.383451     0.000000    -10.146549   0.004043    55055.5    55354.5
-13.538353     0.000000    -10.127028   0.006932    55055.5    55354.5
-12.739998     0.000000    -10.586322   0.004306    55055.5    55354.5
-12.906330     0.000000    -10.499302   0.003534    55055.5    55354.5
-13.702210     0.000000    -12.776058   0.019556    49253.5    49256.5
-13.448953     0.000000    -12.431399   0.006937    49253.5    49256.5
-10.906619     0.000000    -7.194778   0.034818    45366.5    45659.5
-10.684742     0.000000    -8.967066   0.039193    45366.5    45659.5
-10.304632     0.000000    -8.345318   0.034818    45366.5    45659.5
-9.985859     0.000000    -8.555475   0.017381    45366.5    45659.5
-10.906619     0.000000    -8.226527   0.021733    45366.5    45659.5
-10.684742     0.000000    -8.791280   0.026089    45366.5    45659.5
-10.304632     0.000000    -8.584078   0.026099    45366.5    45659.5
-9.985859     0.000000    -8.779817   0.026089    45366.5    45659.5
-8.998023     0.000000    -9.208433   0.054170 0.0   0.0
-9.126974     0.000000    -9.248929   0.072408 0.0   0.0
-9.240436     0.000000    -9.456588   0.033273 0.0   0.0
-8.998023     0.000000    -10.3219633   0.029394 0.0   0.0
-9.126974     0.000000    -9.214929   0.000000 0.0   0.0
-9.240436     0.000000    -9.928588   0.000000 0.0   0.0
-8.998023     0.000000    -10.960033   0.015061 0.0   0.0
-9.126974     0.000000    -10.828929   0.017555 0.0   0.0
-9.240436     0.000000    -10.371788   0.000000 0.0   0.0
-8.998023     0.000000    -10.086033   0.036753 0.0   0.0
-9.126974     0.000000    -10.460529   0.000000 0.0   0.0
-9.240436     0.000000    -10.517388   0.000000 0.0   0.0
-8.998023     0.000000    -10.558833   0.000000 0.0   0.0
-9.126974     0.000000    -10.185329   0.008891 0.0   0.0
-9.240436     0.000000    -9.531788   0.000000 0.0   0.0
-8.998023     0.000000    -9.766833   0.000000 0.0   0.0
-9.126974     0.000000    -10.468529   0.008891 0.0   0.0
-9.240436     0.000000    -9.364588   0.000000 0.0   0.0
-8.998023     0.000000    -10.175633   0.022587 0.0   0.0
-9.126974     0.000000    -9.755729   0.000000 0.0   0.0
-9.240436     0.000000    -9.155788   0.000000 0.0   0.0
-14.457623     0.000000    -11.240146   0.012701    50600.5    52974.5
-14.457623     0.000000    -12.968967   0.013523    50600.5    52974.5
-14.401180     0.000000    -11.753087   0.000000 0.0   0.0
